0000
[[1. 0. 0.]
 [0. 1. 0.]
 [0. 0. 1.]]
[[0.]
 [0.]
 [0.]]
0001
[[ 0.98761509 -0.0236231  -0.15510765]
 [ 0.02689083  0.99945774  0.01900296]
 [ 0.15457463 -0.02293859  0.98771479]]
[[ 0.99737818]
 [ 0.01237173]
 [-0.07130014]]
0002
[[ 0.82983368 -0.10707017 -0.54764226]
 [-0.08842856 -0.99425003  0.06039258]
 [-0.55095958 -0.00168858 -0.83453022]]
[[ 0.97050457]
 [-0.05235185]
 [-0.23532992]]
0003
[[ 0.9756389  -0.02185838 -0.21829096]
 [-0.02267266 -0.99974219 -0.0012258 ]
 [-0.21820789  0.00614518 -0.97588296]]
[[ 0.99983685]
 [ 0.01044991]
 [-0.01473309]]
0004
[[ 9.42619726e-01 -9.27210462e-04 -3.33867028e-01]
 [ 1.25633065e-02 -9.99189398e-01  3.82454039e-02]
 [-3.33631856e-01 -4.02453459e-02 -9.41843987e-01]]
[[-0.99663812]
 [-0.00928096]
 [ 0.08140223]]
0005
[[ 0.97595254  0.01852939 -0.21719417]
 [ 0.01869112 -0.99982445 -0.00130984]
 [-0.21718031 -0.00278126 -0.97612754]]
[[ 0.99988192]
 [ 0.01152408]
 [-0.01016568]]
0006
[[ 0.98490904 -0.00983717 -0.17279299]
 [ 0.00822298  0.99991564 -0.01005509]
 [ 0.17287732  0.00848248  0.98490684]]
[[0.99980219]
 [0.00381233]
 [0.01952045]]
0007
[[ 0.98098966 -0.00924367 -0.19383974]
 [ 0.00671095  0.99988337 -0.01371864]
 [ 0.19394394  0.01215699  0.98093728]]
[[-0.99959681]
 [-0.01482585]
 [ 0.02421579]]
0008
[[ 0.9608793   0.00522359 -0.2769182 ]
 [-0.00352013  0.9999717   0.00664825]
 [ 0.27694509 -0.00541337  0.9608705 ]]
[[0.98808571]
 [0.01080746]
 [0.15352469]]
0009
[[ 0.98258797  0.00121541 -0.18579401]
 [ 0.00147204  0.99989629  0.01432604]
 [ 0.18579215 -0.01435009  0.98248428]]
[[-9.99947170e-01]
 [ 1.97313819e-04]
 [-1.02771227e-02]]
0010
[[ 0.93005602 -0.03464381 -0.36578081]
 [-0.04007484 -0.99917028 -0.00726331]
 [-0.36522569  0.0214139  -0.93067268]]
[[ 0.9965561 ]
 [-0.01902186]
 [-0.08071007]]
