0000
[[1. 0. 0.]
 [0. 1. 0.]
 [0. 0. 1.]]
[[0.]
 [0.]
 [0.]]
0001
[[ 0.98761509 -0.0236231  -0.15510765]
 [ 0.02689083  0.99945774  0.01900296]
 [ 0.15457463 -0.02293859  0.98771479]]
[[ 0.99737818]
 [ 0.01237173]
 [-0.07130014]]
0002
[[ 0.96389617 -0.01399912 -0.26591012]
 [ 0.01377521  0.99990145 -0.00270721]
 [ 0.26592181 -0.0010535   0.96399403]]
[[ 1.80799412]
 [-0.04574009]
 [-0.18398835]]
0003
[[ 0.89431131 -0.05830926 -0.44362969]
 [ 0.05726517  0.99823454 -0.01576412]
 [ 0.44376567 -0.0113065   0.89607153]]
[[2.86001442]
 [0.03118049]
 [0.15921008]]
0004
[[ 0.79876666 -0.06844161 -0.59773537]
 [ 0.04666329  0.99756329 -0.05186536]
 [ 0.59982861  0.01353602  0.80001401]]
[[3.83793057]
 [0.03338318]
 [0.61072636]]
0005
[[ 0.66610203 -0.07417091 -0.74216356]
 [ 0.05048974  0.99724474 -0.05434817]
 [ 0.74414976 -0.00127022  0.66801162]]
[[4.72529935]
 [0.04672486]
 [1.32998719]]
0006
[[ 0.53007117 -0.08315315 -0.84386616]
 [ 0.0477803   0.99652802 -0.06818319]
 [ 0.84660593 -0.00417823  0.53220386]]
[[5.44541238]
 [0.0775031 ]
 [2.09606456]]
0007
[[ 0.35845944 -0.09030272 -0.9291675 ]
 [ 0.04107158  0.99587234 -0.08094072]
 [ 0.93264139 -0.00914841  0.36068872]]
[[5.97053349]
 [0.10308269]
 [3.06357732]]
0008
[[ 0.08520038 -0.08044444 -0.99311107]
 [ 0.04426734  0.99605675 -0.07688529]
 [ 0.99537998 -0.03741173  0.08842547]]
[[6.07078804]
 [0.12180828]
 [4.78695863]]
0009
[[1. 0. 0.]
 [0. 1. 0.]
 [0. 0. 1.]]
[[0.00000000e+000]
 [4.79243676e-322]
 [4.23176396e-316]]
0010
[[ 9.97288460e-01 -7.31727922e-02  7.84031722e-03]
 [ 7.35861589e-02  9.90239632e-01 -1.18366163e-01]
 [ 8.97389798e-04  1.18622147e-01  9.92939062e-01]]
[[-0.28620632]
 [ 0.43232452]
 [ 1.43291694]]
