0000
[[1. 0. 0.]
 [0. 1. 0.]
 [0. 0. 1.]]
[[0.]
 [0.]
 [0.]]
0001
[[ 0.98761509 -0.0236231  -0.15510765]
 [ 0.02689083  0.99945774  0.01900296]
 [ 0.15457463 -0.02293859  0.98771479]]
[[ 0.99737818]
 [ 0.01237173]
 [-0.07130014]]
0002
[[ 0.96389617 -0.01399912 -0.26591012]
 [ 0.01377521  0.99990145 -0.00270721]
 [ 0.26592181 -0.0010535   0.96399403]]
[[ 1.80799412]
 [-0.04574009]
 [-0.18398835]]
0003
[[ 0.99624267  0.02879468 -0.08167868]
 [-0.02915572  0.99956966 -0.00323082]
 [ 0.0815505   0.00560009  0.99665348]]
[[ 0.61918777]
 [-0.02869226]
 [-0.286389  ]]
0004
[[ 0.98487673  0.03475318 -0.16973519]
 [-0.0322212   0.99932491  0.01764987]
 [ 0.17023399 -0.01191388  0.98533164]]
[[ 0.94306169]
 [ 0.06470854]
 [-0.26983435]]
0005
[[ 0.97044408  0.0525321  -0.23553909]
 [-0.04880692  0.99857417  0.02162194]
 [ 0.2363391  -0.00948695  0.97162432]]
[[ 1.10997059]
 [ 0.05827093]
 [-0.20652079]]
0006
[[ 0.99588596  0.06334238 -0.06479887]
 [-0.06188759  0.99778924  0.024219  ]
 [ 0.06618971 -0.02010911  0.9976044 ]]
[[ 0.41718835]
 [ 0.09244501]
 [-0.2495994 ]]
0007
[[ 0.98886728  0.07116788  0.13067762]
 [-0.07486076  0.9969156   0.02356168]
 [-0.12859772 -0.033082    0.9911449 ]]
[[-0.16571239]
 [ 0.12754678]
 [-0.15860633]]
0008
[[ 0.99558971  0.07361326  0.05815685]
 [-0.07494742  0.99696423  0.02109975]
 [-0.05642708 -0.0253654   0.99808446]]
[[ 0.01663224]
 [ 0.11335634]
 [-0.13705925]]
0009
[[ 0.99583555  0.08151847 -0.04082035]
 [-0.08081045  0.99655392  0.01870714]
 [ 0.04220466 -0.01533052  0.99899136]]
[[ 1.13952121]
 [-0.01127813]
 [-0.5575249 ]]
0010
[[ 0.96806742  0.06622228  0.24178518]
 [-0.06186646  0.9977568  -0.02557155]
 [-0.24293622  0.00979659  0.96999279]]
[[-1.58399676]
 [ 0.2761852 ]
 [ 0.08706735]]
