0000
[[1. 0. 0.]
 [0. 1. 0.]
 [0. 0. 1.]]
[[0.]
 [0.]
 [0.]]
0001
[[ 0.98761509 -0.0236231  -0.15510765]
 [ 0.02689083  0.99945774  0.01900296]
 [ 0.15457463 -0.02293859  0.98771479]]
[[ 0.99737818]
 [ 0.01237173]
 [-0.07130014]]
0002
[[ 0.82983368 -0.10707017 -0.54764226]
 [-0.08842856 -0.99425003  0.06039258]
 [-0.55095958 -0.00168858 -0.83453022]]
[[ 0.97050457]
 [-0.05235185]
 [-0.23532992]]
0003
[[ 0.90466845 -0.05890048 -0.42202574]
 [ 0.0187851  -0.98392509  0.17759094]
 [-0.42570191 -0.16858871 -0.88901953]]
[[ 0.1465652 ]
 [ 0.04895104]
 [-0.07435752]]
0004
[[ 9.66032679e-01 -3.65899119e-02 -2.55816421e-01]
 [-5.25821044e-04 -9.90201525e-01  1.39644774e-01]
 [-2.58419400e-01 -1.34766901e-01 -9.56586272e-01]]
[[-0.36510583]
 [ 0.05603739]
 [ 0.03921225]]
0005
[[ 0.94954977  0.01550912 -0.31323266]
 [ 0.00827267 -0.9996676  -0.02441844]
 [-0.31350725  0.02059526 -0.94936244]]
[[ 0.47291553]
 [ 0.09263852]
 [-0.38528852]]
0006
[[ 0.98899911  0.02704007 -0.14542904]
 [ 0.02237805 -0.99918486 -0.03359824]
 [-0.14621899  0.02997421 -0.98879803]]
[[-0.06287908]
 [ 0.08645257]
 [-0.3087865 ]]
0007
[[ 0.98053496  0.05610763 -0.18815719]
 [ 0.04805874 -0.99773465 -0.04707367]
 [-0.19037214  0.03711478 -0.98101016]]
[[ 0.14878302]
 [ 0.08842735]
 [-0.31663591]]
0008
[[ 0.99432732  0.0516235   0.09299568]
 [ 0.05436866 -0.99814958 -0.02722996]
 [ 0.09141789  0.03213155 -0.99529409]]
[[-0.8515808 ]
 [ 0.05080474]
 [-0.2572762 ]]
0009
[[ 0.99273753  0.07761092 -0.09191706]
 [-0.08406675  0.99409758 -0.06857684]
 [ 0.08605222  0.07580597  0.99340247]]
[[ 0.78936541]
 [-0.03116376]
 [ 0.54345402]]
0010
[[ 0.91990321  0.20053777 -0.33699063]
 [ 0.18091056 -0.97946248 -0.08902032]
 [-0.34792161  0.02092492 -0.93729008]]
[[-0.41480986]
 [-0.10989941]
 [ 1.4167299 ]]
